444
544
644
744
844
944
454
554
654
754
854
954
464
564
664
764
864
964
474
574
674
774
874
974
484
584
684
784
884
984
494
594
694
794
894
994
445
545
645
745
845
945
455
555
655
755
855
955
465
565
665
765
865
965
475
575
675
775
875
975
485
585
685
785
885
985
495
595
695
795
895
995
446
546
646
746
846
946
456
556
656
756
856
956
466
566
666
766
866
966
476
576
676
776
876
976
486
586
686
786
886
986
496
596
696
796
896
996
447
547
647
747
847
947
457
557
657
757
857
957
467
567
667
767
867
967
477
577
677
777
877
977
487
587
687
787
887
987
497
597
697
797
897
997
448
548
648
748
848
948
458
558
658
758
858
958
468
568
668
768
868
968
478
578
678
778
878
978
488
588
688
788
888
988
498
598
698
798
898
998
449
549
649
749
849
949
459
559
659
759
859
959
469
569
669
769
869
969
479
579
679
779
879
979
489
589
689
789
889
989
499
599
699
799
899
999

